1.00000000
1.08199882
1.11509159
1.13441867
1.14755413
1.15744821
1.15517453
1.15771819
1.15604058
1.15952428
1.18587814
1.22488686
1.24967452
1.22919352
1.16712273
1.08527516
0.98558458
0.89784627
0.88171420
0.86553416
0.84897680
0.84243794
0.84521173
0.90866251
1.00378540
1.08575088
1.10528126
1.11512655
1.12702190
1.13266055
1.12103031
1.11509240
1.11473378
1.13019334
1.15137205
1.17891236
1.21729736
1.21815040
1.16501657
1.08383094
0.98091850
0.89259956
0.84158735
0.82455752
0.81337291
0.81430076
0.84196223
0.87981134
0.99503060
1.07704405
1.09633861
1.10434284
1.11349611
1.12444978
1.13045274
1.14567891
1.16813271
1.18324259
1.19177540
1.21152209
1.25178068
1.26057289
1.21212141
1.13277603
1.03612759
0.94872350
0.90284088
0.87301795
0.84184675
0.82845921
0.83962512
0.87921771
0.97399825
1.04344061
1.04301043
1.01498221
0.99367013
0.97912867
0.97219704
0.97568643
0.98070626
1.00228588
1.04705198
1.09236130
1.12865234
1.12987538
1.08510765
1.02627335
0.95076054
0.87019862
0.80768302
0.79388400
0.81375267
0.80731464
0.80745858
0.81801460
0.84491329
0.88088231
0.93482039
0.96368619
0.95722784
0.94294334
0.92608835
0.93200024
0.96060827
0.97345992
0.99913721
1.02843237
1.06996605
1.06606355
1.02924150
0.98076643
0.93654435
0.87687491
0.85691923
0.84700400
0.83372868
0.82358739
0.82434284
0.84283153
0.88178007
0.93069589
0.97058041
0.99973734
0.99205188
1.00529387
1.02262782
1.03972026
1.04841082
1.07146151
1.10323853
1.13960520
1.16612739
1.15340747
1.10127793
1.03360507
0.95296753
0.87600236
0.85380959
0.84713168
0.82650755
0.81983126
0.83552502
0.88658603
0.93976458
0.98865031
1.04965419
1.08846856
1.10998963
1.12156458
1.12319340
1.12219480
1.11741080
1.11755636
1.13677204
1.17408364
1.20409685
1.18249934
1.12577121
1.04914757
0.95362052
0.88801561
0.83195186
0.83151924
0.82691821
0.82550814
0.84928338
0.89901401
